1366
754
11986
14982
15286
15286
4587
4587
2367
7392
7392
7392
1677
27231
27231
27231
27231
27231
1816
6908
13073
21454
25449
2190
2190
21660
21454
2190
2190
20295
6908
25449
20295
25449
2190
21660
30845
21660
24220
5595
2190
21660
26520
4599
25449
22079
9282
26520
13211
13887
9272
21374
3759
21982
4599
21982
1950
27317
18123
14381
30369
4599
13887
14381
1855
10373
499
1950
1950
18146
15293
23774
499
10024
24551
12334
27317
15293
32606
21374
32606
32606
526
13941
26927
9004
19606
18123
1855
15293
26927
24551
24551
24085
8699
10024
15293
24144
24144
10540
772
23579
12377
17257
5390
9249
772
10024
10024
10540
2967
22101
9249
12271
2967
2967
10024
17577
10540
17257
23579
17938
9004
15985
29093
29093
8179
3268
3268
5703
8254
31802
23017
28300
27007
3445
8254
23017
18448
2967
5703
8254
8179
3445
16790
29506
31802
14940
30712
14940
5703
25848
10394
31859
31512
31859
4554
5703
4554
19344
30712
5703
10394
30712
17810
31859
31859
14940
13814
19344
20467
20467
16276
13814
17810
26626
25522
26626
32179
16276
16276
4554
18474
1064
4554
458
4554
28837
18288
458
4554
9951
31702
458
458
31702
30149
31702
6296
1616
26452
25307
1064
1616
13042
25307
1064
26452
1064
1616
27948
18712
8688
32558
27948
1064
31072
31072
29785
10256
9782
3746
30042
557
6296
6296
6296
557
27071
27071
31902
4020
4020
1629
24579
13393
29988
24579
21952
8249
20938
29988
27477
27477
29988
20938
20638
29988
23361
23361
11425
20938
11425
15803
5932
20638
20124
15803
13884
4709
11185
15803
15803
20124
7247
7247
23361
16598
9281
7247
9281
9281
28538
22750
5611
22817
9281
5611
18002
29512
32072
22294
18997
5611
5611
18997
22750
18997
3330
18997
18997
5611
16959
3330
14093
32072
16959
3666
5611
16959
3666
18997
16959
18997
16959
18997
24213
21338
30488
30488
30488
30488
30488
6873
6873
6873
6873
6873
18939
26393
4763
4763
26393
26393
31804
31804
9724
9724
9724
29486
9724
9425
9425
8791
8791
2841
4522
4522
23921
4522
202
31094
4522
23921
5510
5510
5510
4522
5510
18890
13661
13661
32566
13661
26042
26042
30507
177
26042
177
177
18890
20757
18890
177
10874
26042
11051
9562
19871
10343
4318
32761
10874
10874
23942
31845
11214
5051
11214
10874
5051
31845
31845
32761
7286
10874
10874
31845
10874
32492
20810
19919
5050
12339
428
20458
11214
4880
4880
19493
20458
14842
19493
4880
28474
14878
19719
28474
24582
1381
3009
19919
19493
11214
14878
20461
27141
2431
27141
1526
9360
9360
124
17250
124
11214
12884
9360
12884
22079
14892
4898
31686
28640
17250
4898
28657
22079
124
27923
27923
22079
28640
27923
9360
14892
28474
3797
9360
28996
24513
7231
28640
27059
1716
3433
27923
7231
21932
27141
32223
14878
3433
27141
18392
7231
28996
15312
32223
28490
15312
18919
3797
21932
14759
11731
3968
21196
18919
13888
20316
32560
20316
20316
14474
32560
32560
810
18684
32268
5335
19003
32268
11878
24320
22529
17810
5335
32268
5335
23597
20184
5383
11607
11878
19003
5383
19003
18199
22529
21734
32268
17810
24496
2000
810
541
6775
541
8747
810
4967
8747
6153
2963
30102
11607
22474
30102
32268
11878
6775
11607
22900
6775
11607
2968
4547
2718
17115
22474
13951
1369
26386
2963
9392
17115
810
11607
2963
19472
7084
25512
24421
28263
11567
28556
10164
13509
9392
31058
28556
11607
31058
11607
10164
5469
26135
19472
28933
31058
8411
13509
18712
31058
17429
10164
22729
28395
13509
17429
22729
9392
12658
4742
6778
17395
1460
10164
1460
18712
4742
17536
17536
1460
10431
28933
23640
10431
5022
22166
1460
28933
17395
6778
4106
25652
4106
22166
8779
30733
8472
6778
1460
24421
4106
17395
6299
6299
4742
27582
22166
4742
28638
27582
30733
6299
4742
4106
5211
6778
22729
22166
28294
12105
1880
28294
27624
6491
27617
4742
4106
14190
22729
27940
15791
27624
21257
8841
4106
16389
6491
15791
18184
554
25463
12970
4288
18184
29804
16389
15791
6491
4288
12891
27478
30065
31051
9103
6491
25302
12970
31051
13392
22915
15791
31051
8768
6240
4288
20962
6491
26113
6240
8841
11251
14910
6491
25302
25302
12970
25302
16389
14882
12970
9103
22778
22778
12891
16826
31051
13676
12891
18184
14882
823
823
22879
18502
16763
2622
25855
27869
22879
8103
24291
16763
29957
27869
28700
16763
2622
27491
26044
27869
25855
5384
5384
5384
27700
8103
24291
27624
26010
8103
27624
24916
27624
8369
14637
18502
8369
2868
823
13875
14637
27854
9277
14637
9277
23915
765
765
13708
8103
8103
11893
14637
765
13708
11893
14157
14157
539
539
21656
20971
15331
20971
20971
14157
6809
1111
1111
539
765
539
10558
7769
7769
765
539
765
6609
30411
30411
27962
13540
2734
2734
17307
13540
2664
29647
16870
29087
16870
30412
16870
1512
14298
29647
29647
18143
29647
14298
31075
24885
9368
25616
17738
17738
9368
18064
28412
18064
18064
25068
28412
31075
28412
9550
89
28412
89
6726
28412
31075
9490
17070
9550
9550
14049
9550
27486
14827
3474
9550
17070
89
7569
89
7569
32264
14049
14049
9680
3474
9680
24924
28700
28700
28700
3778
16438
16438
16438
31102
28070
28070
31102
440
27782
1394
28070
31102
16438
14129
7402
25700
3986
25700
440
29640
1538
6244
29640
9892
16944
28871
1394
25516
3986
1394
25700
6244
23996
25516
9892
8957
19045
1394
28070
23996
3998
1394
8421
9675
3177
9675
14638
8421
23996
29640
25700
6244
14762
24001
28070
8421
16088
9708
16088
24304
16088
2273
29640
16088
24304
17281
2273
24304
27236
22755
19672
16131
30652
19672
16131
17281
5834
24310
22755
24304
12359
16092
16092
23267
3171
3171
12968
30434
4386
32614
23267
22931
20040
29371
21428
29618
21428
22931
27324
27324
21428
22931
22295
21428
3926
6322
3926
3926
28829
21428
3926
3926
29105
21127
22381
28829
3926
28829
28829
6322
25811
10268
32649
10268
16756
25506
9688
28310
12150
30655
28829
25506
25811
25811
30655
26037
32649
8879
10002
32649
22381
7567
6322
16756
7567
29908
29908
31136
17116
8180
7567
6322
17116
12219
10268
10268
8879
12219
10268
16756
16405
32649
7567
2259
7567
31136
12541
7567
19804
12340
8879
20776
10268
2259
31136
12340
32649
15124
21793
11326
27671
16756
22381
15124
27671
19461
16019
19461
27746
29886
27746
22381
28151
22381
28151
16215
15124
5964
17989
16850
28151
22217
27746
9824
21905
27746
1907
18607
11137
18607
21562
11985
1907
28806
30538
18310
30909
1907
17334
21793
14481
9824
18010
1907
9034
23950
18010
3479
18607
22202
14129
1343
27435
3479
24226
7747
9824
23352
23950
9824
14129
25330
20981
1461
14129
10899
25330
6582
1232
14481
25529
23950
11416
32358
7747
7019
21922
31792
21562
25330
27238
21562
27238
20556
7019
31792
19824
25330
27398
23950
23322
23715
21562
27238
5037
27398
7019
23897
23897
5780
1232
10111
7260
7019
14503
28152
2829
25553
26517
32687
31125
21922
1232
21562
24466
25330
25553
31125
14836
25998
13496
8437
7019
18613
31125
16853
25976
17723
12226
24466
3330
3330
10111
6424
31849
6384
6384
14431
12226
14431
24466
12226
31849
12467
20432
31125
31125
20432
6424
23715
5511
20432
4513
20981
2680
25998
16047
31042
18613
11916
16340
27238
6246
11779
6384
1232
25139
27238
5410
28060
28659
17425
12898
25998
17425
2682
5332
6476
25744
24545
5511
2682
2682
22677
14431
16850
130
21112
23715
31042
15250
31854
28060
16047
23715
4513
8020
16850
22573
26768
20929
9028
17723
26768
17723
2682
27445
27445
27455
2682
19747
22677
24545
22677
6246
5410
6476
16047
25744
11779
28060
27449
20929
24682
15250
13680
1012
16969
19187
6476
16850
22677
23350
32599
1012
16850
15751
15751
16897
16897
13489
24682
25998
18083
15751
6912
24124
27449
23490
23383
30869
14803
16969
22540
25692
30869
5511
18213
844
21663
6829
4008
4008
21663
1638
13322
17723
16969
6456
24699
19842
25954
15751
24682
15751
29820
6829
26086
5343
1638
30214
21663
6829
3566
24622
4237
3666
23531
21663
974
24531
18213
23004
22742
16107
1638
13322
24699
3566
4551
3263
3566
6836
32315
15035
408
24124
29238
6687
23531
6687
27449
21434
6687
23490
960
15035
27449
27539
21434
30358
27539
3218
24531
15129
30142
408
31734
28659
15129
24531
15250
16107
22917
6626
18213
12711
24785
359
13322
27289
19650
24682
32334
15035
359
12887
1638
15129
14998
6476
14998
16128
1624
12711
24531
27562
6912
16116
17398
13322
13322
28659
130
24791
1815
10968
21663
3566
2351
1624
19376
6687
24807
5970
974
29470
14473
1624
19650
24791
24807
14473
17238
15035
14967
20314
32577
6979
18897
32577
3566
21663
14078
29616
19650
3086
14770
9144
3465
12887
14770
19356
16116
2351
10968
16044
16116
17995
12104
10968
7192
6836
29998
12887
27086
29952
5343
7192
7192
22508
17238
26540
3086
3086
5343
10807
9864
1743
25893
3912
31768
6687
11312
17128
25781
12104
17128
14013
12528
17749
30139
10968
3852
11743
18287
27332
17147
18036
11387
19120
12824
130
15030
26556
17605
15129
130
17605
27332
18131
3983
11743
9864
22237
6698
22012
24401
27040
14425
11996
20539
960
2328
2811
29022
29022
27618
9831
4882
25184
2359
22131
10968
3123
8538
17214
10473
15001
2339
22012
6493
20004
18436
3852
12528
18252
28650
14560
3123
13989
18650
16002
8606
17435
3517
26312
23035
7266
3983
19458
3983
4835
10884
26103
17077
30781
3983
30324
20752
4109
2418
17435
20747
15813
27618
7641
4109
13827
14868
18650
359
19458
11821
14087
23035
11821
4754
11652
32334
359
18650
7266
22545
8538
16366
30324
26103
30063
24541
27042
2811
8606
11577
30324
3123
27455
11625
22505
18436
11312
27646
23920
23920
3465
6493
30324
15001
9755
19904
19458
25140
23279
15001
18650
7940
30275
14868
27040
19458
17077
30781
30324
5763
27040
24279
18650
16366
22612
5332
3517
10455
2616
30063
16366
3542
1186
20752
22768
31134
27646
7641
18650
6698
3852
23629
279
27394
27455
10208
13764
31097
20479
19500
6698
26312
30490
30063
27040
25741
28406
22237
5343
1145
21011
9144
8135
27042
6757
16125
11577
13827
8114
22505
22612
17984
7737
22768
3517
14565
18758
18650
737
28406
14180
6498
4991
30324
31148
10455
11625
789
13764
24541
27097
20990
22505
30781
6698
14201
17991
10455
10884
22505
24385
30633
29047
6698
32232
19987
22768
6493
12507
1145
29287
20479
30275
4991
12435
1145
514
25097
567
28262
32042
10884
31269
9492
27618
30781
3465
14087
789
1186
220
19500
28262
19410
567
18079
17991
30633
567
10884
13006
18079
1186
30781
14271
24866
10319
1490
10319
27455
942
30396
32673
3283
25803
4834
9718
25097
7192
4070
12435
7641
30633
29927
9492
9093
3359
25803
32232
15225
3283
3283
9718
1490
13654
22768
14271
22505
8746
21353
24549
6757
25741
2811
10884
26528
22823
16861
12837
573
19542
23169
28034
8218
5105
3517
3283
1392
789
13852
475
9492
841
6007
7641
514
22471
23992
8358
8218
28034
20990
22768
24325
28406
3981
28841
22199
1819
12165
24325
7641
26528
18079
8483
12975
23169
12837
8218
1490
514
6007
17975
17975
8895
17991
10319
21755
3946
2004
27618
752
8189
8483
14201
13654
30781
22768
14201
752
10884
32042
25140
24549
752
22768
475
9492
32042
30397
9995
22471
21375
22097
15225
5105
25139
16861
9718
21755
10455
4268
25123
6148
16193
1819
2745
7192
15225
2454
7192
18364
2745
10319
2482
19458
841
20418
16193
694
15754
8218
4318
2482
19704
841
8218
19849
2068
28034
23114
1490
12837
15754
2369
21375
1679
22097
12975
25139
23163
25123
22505
10884
2369
22768
22299
4858
21375
30781
22768
22505
2369
6007
7641
16674
19849
4821
267
12837
18079
22097
16674
9492
4066
2811
15148
1819
2745
30578
18611
25184
26393
22927
6849
15148
1305
18833
18611
25982
22097
2811
8368
27463
9492
23407
18157
16193
4318
15148
24893
16547
24549
18833
5411
10413
28905
19248
19458
21527
19248
31297
25982
4821
31033
841
19965
30050
29594
4821
12792
14917
18611
20990
22927
16547
7192
28841
10413
14917
26943
4661
22471
19239
25982
11454
3981
12776
8861
648
16497
12837
26273
1819
31619
15754
12776
30397
30050
30578
14584
24893
25762
25123
31619
8227
412
19458
13177
15339
15096
17494
31619
25762
30120
694
32304
31388
4992
11454
14817
11777
4268
4928
2185
26842
9718
13615
13199
16497
3981
23114
13199
26842
6918
21610
23477
9181
13199
20403
19248
14648
24893
19458
31817
29555
18611
9181
20870
841
7876
15096
17950
14817
11777
24325
6918
28564
29555
23875
14817
9181
26842
17752
1513
11454
17752
7192
28539
24866
4634
20922
1333
24866
31297
16193
31388
24893
18611
32151
7060
17899
10973
1513
6367
8861
15339
2228
16193
32304
25123
412
24903
27946
19739
19458
5399
17151
20277
21275
20922
8395
24903
30271
841
25959
9425
6182
21227
1672
7192
9133
17671
21864
31619
7551
3981
363
13275
18121
9425
13868
2185
4683
21922
22783
29594
19458
23536
17752
23536
19458
17004
4432
14817
3981
363
21860
4930
8171
9133
23407
27009
29555
25123
10299
32304
13199
16644
25123
6849
20197
18547
8927
9970
21860
4992
27137
29852
29002
30050
31301
21864
9425
31978
5105
13285
29219
8171
16644
27632
14912
21243
30120
20197
30050
27632
21654
9830
13480
19739
9227
2691
8133
6182
26842
6182
1269
26108
27632
11454
4634
9227
13199
714
29219
3981
13753
1672
1513
19458
2811
2353
8395
5381
13753
19739
31484
19506
28612
4014
15361
9830
16467
23514
260
28612
23514
260
31978
17261
9970
30120
23629
30968
1612
13047
13753
363
8133
31791
17899
19066
17261
16417
31297
363
31978
13998
20251
412
16674
4795
4307
9830
4347
9930
4014
15152
26108
16644
21319
19623
17517
17899
6378
27417
29332
9930
22518
19327
699
5618
29219
4056
17517
27299
13753
9425
6182
18243
19278
20063
30120
29219
20922
32591
17517
7876
20063
4546
2442
17752
21772
14190
24866
20964
13904
23416
4683
2353
5336
16417
11966
17517
31619
24939
3981
26282
20253
16763
30120
32191
4307
3235
24458
16763
19506
2811
13868
21654
28937
8541
27946
1269
26282
29888
1141
19739
32304
3235
20063
699
7029
26751
17261
28682
31297
30390
2127
21169
32700
30241
21654
6813
16315
29888
18962
18243
18596
6353
13204
11291
14190
2184
32591
28918
28682
28025
7881
714
4840
22783
30241
13868
27417
26157
20251
19339
16763
12727
21755
714
13868
11114
1225
12906
30583
593
8541
6813
17188
32037
27946
29332
7967
21319
26751
31176
5399
16315
18596
20253
31340
2184
1924
23538
19327
21319
6353
26157
593
18496
31276
27270
1225
260
13909
8541
18456
21335
28748
30241
22725
24939
23929
20922
8975
22725
7881
714
26751
2425
18496
4307
9053
21755
21654
22670
379
2184
27218
2353
9322
13223
19739
15250
15845
6251
20156
53
18874
2127
11704
15845
28238
25098
21654
31384
4014
25241
5618
19759
935
12573
23359
10298
20755
1810
17517
5349
20156
17752
22270
7378
18596
19739
8563
20047
20922
10263
15250
3707
23390
20047
13441
24866
7176
8563
11291
18874
17074
28239
23390
7450
30241
15901
25098
8802
18456
22
20736
20922
22270
4014
2184
12760
19077
15345
19248
31299
3801
13868
23629
20736
31299
379
6824
15345
16763
23068
14959
28918
7198
28918
28310
23390
23416
15705
28310
5034
25098
26157
22270
24732
20276
14577
2811
30259
10409
15843
7198
15905
17752
21561
19759
17596
2184
28238
8802
28239
5349
17752
19759
9291
18874
19624
379
2184
31384
15212
19262
17831
18847
20922
16109
26157
2811
53
18644
30121
23416
4152
2184
11291
31274
4014
23584
3526
935
22
28238
14959
11291
26359
15212
7198
14535
6350
27270
3526
28682
8045
2370
19761
17074
15310
1083
28310
18847
3470
15470
16041
3896
25098
13783
12906
2184
7553
18061
28239
12515
1141
26705
15832
2370
714
18456
27270
10926
21872
27417
5171
7029
10545
9291
6251
1083
6251
19294
18874
19624
14630
25098
12688
5667
12906
6423
4926
3526
25549
5429
11640
12515
11786
21872
28290
19761
14577
30948
19739
17532
8246
3470
4926
1083
32045
25897
5429
2271
714
11876
30300
11876
17752
23797
7896
4347
659
8631
17532
17752
16854
14630
18798
12515
27417
19294
20533
15313
24250
15313
3801
10320
10298
9291
23255
17925
31792
6923
18061
1141
23629
25704
18481
31046
27270
1141
4150
28238
9958
2271
18741
11786
27513
18319
26233
23629
12550
9291
11328
20755
17925
5284
5025
11497
25704
14371
8631
6012
15470
3470
19072
5429
9950
17074
8429
7225
16270
3707
17766
9926
6095
8369
11310
13641
10298
14590
17752
27417
4150
26875
20901
19696
29434
14535
15905
17404
7118
19880
6012
28025
14371
3592
259
3707
24080
18798
8369
25941
11144
8429
19696
18798
18915
16270
5889
24013
2078
14535
25941
14127
23919
927
17654
30723
53
13263
2251
23865
16270
13263
31179
4150
10784
18798
6102
16949
8403
19872
18173
9589
18584
19819
8403
5284
21454
25008
20736
2787
3592
9739
31179
25704
10545
19880
7885
1007
19505
2371
30723
14569
24890
10794
30723
3674
3367
14127
9502
7549
10684
15832
21859
11091
5805
28310
11876
28239
32562
17654
24289
8429
25941
20769
19026
260
14628
32065
25970
6012
19554
5025
6362
25941
19880
21454
22531
23668
21239
12213
2312
14628
10192
24183
19918
5025
10192
19509
27142
21326
26330
17633
32658
15832
3707
2086
14535
23472
19261
15905
31792
28712
5025
7549
21326
32453
11876
6423
7885
14535
31179
20503
927
31179
10545
29094
2746
29638
23865
19790
2746
4150
31954
22914
20769
20802
29456
1822
11874
10937
29456
17752
16007
2533
8122
6102
19423
26975
1660
11328
29173
8122
28514
27142
11968
11328
20898
23472
28828
15397
3470
32562
25582
28265
18173
25748
11328
29857
5735
15470
28712
18492
16961
4923
17925
14705
31213
24289
12315
20533
17654
23472
25748
9325
13263
23797
16270
20503
31900
14597
6316
19595
29059
30723
1458
18492
2787
6362
16270
17925
16498
4374
3926
32034
27394
14127
15065
11328
927
30723
18470
18104
24362
27162
7180
10298
7553
21482
1822
10190
29857
19026
28257
13128
30334
16582
27067
18787
15394
12362
19549
8403
29857
21326
7180
1935
29495
11328
1630
11968
7549
12338
9502
2214
9739
19261
16613
20533
22298
20802
30587
3574
30587
29462
10849
19549
9502
23472
9849
23593
12364
28856
19872
22298
14636
29375
10192
2011
5805
20898
9403
21990
10134
24190
2011
7445
16582
17605
15065
24669
26176
18787
26625
10089
28828
25639
30140
7553
19026
11624
15674
16614
18798
19595
2011
5704
8313
7782
29456
16974
9502
19872
1011
12478
12478
10192
21990
23472
2086
24472
18757
26975
24081
26176
28744
10530
17960
2987
21100
31528
19595
10089
12338
29462
29059
9849
7549
2011
6963
9502
25714
30024
18112
6622
31251
24362
23472
32163
23463
4172
15674
28744
20493
3347
26975
10794
18787
10282
17960
12683
25714
9548
14432
2998
6353
7938
28514
1535
17141
28894
8313
198
29456
16614
17925
26985
27298
28855
9134
13507
32060
11544
14555
25619
19790
5442
3926
18104
10089
7553
10282
28514
1630
16582
1822
15065
2274
11624
15217
20536
4384
2951
12478
7553
18787
25714
2034
18460
25665
26975
16127
12338
19790
3347
26975
20533
25081
2214
20865
10327
4172
19790
3926
9757
5704
9502
10113
2951
663
5040
17517
26330
7825
13263
5284
13507
2214
19226
12338
29985
17937
29985
29561
9123
10619
28604
9548
19872
20865
9123
23472
6102
20802
24289
14519
374
17937
20741
18097
27572
12338
17122
6505
7553
9502
3862
19261
8582
22749
2895
10327
28394
14442
24289
21168
5442
26176
20802
8202
15015
16129
11544
1011
21182
16974
32163
15674
28855
1014
15
52
16030
18056
10113
21370
24481
28855
17485
326
6817
15217
15325
13507
7180
23320
28025
26091
12428
1695
3507
30509
28604
29867
21989
27112
25681
6817
17605
10569
29985
3526
9191
31581
4210
21370
16113
20597
26975
9313
17517
10490
6817
29967
9739
23357
30642
14597
1782
7445
26176
2968
17517
25619
7967
17460
14616
5284
17460
6908
28604
29561
9191
32556
19808
16503
29867
19808
16614
13507
26214
22267
25665
19346
30510
15325
31906
31794
13128
31987
19226
25553
10327
14597
5899
29867
8449
1007
26214
11415
24177
32112
19250
21266
30510
29889
4721
31176
17485
16503
8209
30509
17460
7445
10619
15375
28604
7381
21266
20865
17517
26091
4721
4591
29985
17122
11831
4297
28514
28406
16613
31906
25619
17122
30545
29985
1695
21266
30671
26091
20585
32308
4591
25564
23320
251
18264
21266
20802
18264
26176
11165
29060
29143
24177
1695
29985
10619
2214
30642
6908
11349
12414
28337
30510
19650
18646
17460
4164
2214
20246
15015
26176
32034
20898
3385
6248
3385
31906
26975
9739
17374
19495
643
24822
9739
32509
25578
5258
9313
23640
10490
21966
28451
10550
23876
16038
23640
24204
20246
789
25071
21977
28380
19006
23357
22267
2172
22102
27635
6680
32112
19542
25071
14445
28604
4969
28380
14842
32034
31833
6248
17374
25564
4591
32556
25637
8029
15491
21266
20844
18104
28607
21370
25237
6622
28337
20898
27228
25795
16038
19250
20585
25947
23415
28307
23640
28604
17460
10619
32618
19006
14270
7445
14419
32618
4971
23415
25637
11831
7782
32556
16503
29985
26975
20246
13781
28406
17223
27214
20246
4812
18789
19495
16614
14419
1630
23320
8250
24289
31687
15138
23640
11349
333
23357
17453
14597
28607
15
3385
2172
17453
21646
28451
7782
28406
23320
6622
19006
19495
9557
14952
25947
25564
19650
11330
16052
5002
13478
14597
27228
19650
18895
13446
8230
8685
23469
867
23967
16225
12279
11831
16614
1478
251
32163
16969
30612
26091
26671
16614
11330
28607
7369
31951
1961
18104
2214
13478
32112
25106
13679
32032
23647
17215
14270
6088
17215
9313
30557
23647
23573
27449
27214
4540
15866
14270
26330
19650
3507
6588
17141
8685
19495
16897
19570
4969
27572
11349
1546
32388
17993
20287
27598
23472
4607
6318
28604
6622
7180
12716
26618
25106
13258
26192
25379
19468
1133
12478
1148
1148
27598
19337
16052
19570
26618
19570
31951
1682
21646
1622
6807
3942
7369
20626
16052
31987
1682
17993
32664
6729
6958
31452
19607
15779
30275
23469
8825
17215
6318
11349
25947
3942
1682
23469
16365
4812
17215
17460
22379
25795
25795
28025
6318
27228
23939
2650
3385
2137
4657
16095
1682
16724
2650
32433
25150
20943
12149
17215
2951
13278
1682
16613
1899
20943
1622
7180
16724
27432
3033
32695
2951
23573
7858
15028
12149
4607
14592
14729
2137
4537
20287
27143
15695
4812
9668
6318
7858
25150
25578
2378
24843
18802
25947
17223
6124
17993
13515
3507
19250
32112
13041
14795
27449
13369
27881
26618
29191
15
2137
30557
30398
10426
6366
2816
9313
13000
1675
26328
29985
27918
18592
1675
0
27143
24843
24439
16041
17772
16897
32433
18447
22379
1532
27863
13515
16724
23845
26618
6838
7041
6124
27449
27143
16724
23792
18592
26192
26192
1614
4723
15127
22462
10426
8975
15127
18693
14396
23638
2816
8981
7627
18693
12149
16452
15040
11205
29001
15127
11309
1341
19650
15779
1906
1637
14396
18789
16724
8981
9859
26800
8608
6318
14872
17237
4456
1614
25947
28366
29302
10033
7369
6124
30522
15779
4314
814
8608
23384
814
10033
17215
17733
2501
3590
16724
9316
3275
22379
28891
1319
24289
16724
4537
2506
10946
18019
7627
1341
28909
9668
1637
9271
27918
25797
15083
1319
1828
8981
2951
16095
5455
9271
18802
22520
22239
22520
10033
12737
29536
13584
26328
15660
18304
24918
10497
30939
22590
2501
18143
28909
24289
19131
16095
20455
9566
4408
22520
7041
30522
814
22379
29501
30842
25797
32112
25629
10497
10339
8734
6891
10627
30168
32362
6318
8981
16125
31333
7879
29111
32112
17588
4985
5607
15
6838
23443
814
12666
31333
15083
16452
3415
32510
3507
18693
18693
814
22611
29060
23320
5607
14125
5455
8734
23638
23803
6257
31333
30842
29536
7017
11833
17333
8782
2192
7188
30098
14414
9005
8233
23880
30842
25476
6292
3415
16207
15730
18526
19446
10627
18541
18802
29501
10974
15031
27228
12666
1906
19250
22590
29111
9457
23443
31962
18514
2380
11167
16207
32362
4350
4546
27143
12149
24918
4375
12973
26112
1301
28188
18693
814
27228
31614
31217
8502
3415
22322
16125
29614
7369
5486
32510
1301
15150
8502
878
16613
31333
28891
17618
29883
7805
3129
5193
7805
12973
29501
30098
16207
23803
6409
1066
14863
11680
23880
9566
14865
12389
29144
1611
19131
14414
865
5486
27104
29883
23757
19131
3780
4408
15031
11349
11349
6318
3815
4375
3814
2267
17618
13455
13759
12148
2104
17223
6318
7405
22520
22633
16366
18783
10784
19515
23443
29614
3815
7017
20044
15730
9005
12737
25670
28909
31340
15701
25915
4375
27368
23118
10814
27143
24273
24781
26129
1611
23803
4474
18802
3991
10627
23803
7880
24918
12148
14396
15286
2605
5329
4199
4199
17772
31532
28195
18304
18687
1984
6409
17618
30429
22479
7405
20245
865
7805
25439
30620
6226
30810
15962
7416
24781
29074
21905
28195
26780
22379
18974
9020
7969
18304
7969
3129
11680
25757
16767
18304
6124
27724
13030
21905
15701
21779
6315
865
3300
29111
7880
18802
3303
12421
3437
19131
12957
32407
23803
11349
16252
31962
12591
21595
11626
16252
21779
11626
6838
3991
4875
18974
17618
31912
28188
31532
9005
27947
28948
23118
7017
29524
814
10160
13759
29394
11812
10400
30429
4457
32352
21595
12737
16252
11222
9005
19131
26964
9415
25915
30810
7499
22418
13759
12620
9776
2764
23118
27724
7837
4685
27947
11031
28188
15962
10497
29878
20868
21335
13030
1544
28195
12089
28195
21645
4457
10625
22379
13030
24144
14110
27724
27724
29394
10823
10304
2764
11222
26964
10625
12089
32734
12179
502
548
17935
17508
10625
27724
12089
7837
25439
6411
11828
9776
13455
17508
23118
25045
21645
9776
3303
26470
25670
10497
5329
1611
12089
11680
16278
32734
27007
29571
18109
16252
20691
14829
2764
32388
10897
29558
25757
16931
25670
22379
5987
24661
23656
18459
15253
9005
16981
454
17508
21890
12089
15253
7805
28281
18533
17333
7405
27724
18407
16385
29558
25436
28195
2411
19223
8226
11170
10861
10929
30508
19223
1692
27368
11170
25915
10625
25915
18460
15962
29144
20691
10861
8667
20868
11349
5847
24453
495
2673
8667
12148
19354
18047
3300
4457
27487
25170
12179
16176
6173
32734
8949
13373
9331
28281
22136
10823
21890
2411
24368
32624
1692
18407
16767
18339
8949
20035
2411
31672
12024
18109
22224
11349
32624
8226
23228
22224
27368
5847
22683
30202
22136
26632
32624
25757
17333
5649
16136
14331
25147
18459
13030
19233
28285
12726
23581
25915
3568
19121
19354
7216
28448
7343
4457
454
13146
29995
15714
5987
19346
5987
14882
10431
24661
6173
12591
31337
28691
11349
12718
3814
22520
22381
23321
12148
5885
23155
29995
8949
22862
10625
4969
22224
21890
4457
22504
7924
5847
22957
12368
454
3972
4457
7880
3876
22957
12318
12368
12368
15962
30239
30159
26470
5068
11680
32624
29906
12368
26547
23935
29144
22683
23503
6500
28285
21031
23390
23228
18622
15962
7551
4505
12726
5649
3309
15714
21335
22504
32621
2573
28247
7405
29878
24469
6199
26632
29144
886
25170
31906
23228
4969
25316
2306
5847
7457
13839
946
7168
2221
17053
21789
24444
25233
11828
17776
10929
24268
17540
22868
22683
24444
27845
5847
26632
18994
25233
15127
11950
700
29372
16136
22990
26663
22683
22224
4350
21645
31672
23039
28285
19205
25352
2221
29908
2501
10929
5502
16176
16136
23039
22990
25170
12024
28432
22418
17053
15127
10631
7620
15844
708
1597
12024
700
15830
32624
22862
25090
25915
8443
9329
27845
16767
29372
29372
20486
6143
10033
15844
11148
5163
32098
946
8757
28691
32698
11828
6063
23803
1416
7719
9331
8619
4516
22957
32624
32388
24469
6199
1100
7122
31250
25926
12447
31672
19548
19548
11443
9589
19205
29921
23307
11416
8619
5993
28439
5993
16649
17468
12389
13315
11148
7580
18339
94
8823
5993
1785
3149
9331
21890
20486
3309
17240
20486
22862
31989
9116
94
11416
11148
19377
10735
11950
19548
27845
25670
23307
6051
20869
26820
26547
18339
32465
9109
25233
4516
15714
28506
24296
7034
19377
9331
11732
2762
31672
16577
10339
23307
1785
6061
3915
15989
6061
23155
29969
12576
24686
7034
26820
700
12718
3786
28783
11732
19591
26108
3682
26732
32465
15989
13021
27442
1100
28426
32465
9109
22182
32698
11516
3285
12547
9591
31098
3955
9284
10888
15064
2955
26108
17088
31098
7993
10929
9987
2926
2926
18339
15856
5163
27442
25138
11443
708
32465
24296
8127
17088
7122
5008
6051
29761
13571
12820
28426
11416
25670
4025
31906
9589
27776
19233
23418
20959
20469
6061
6617
19591
23732
12389
28506
10817
24469
3955
25233
5033
15721
10625
2472
23525
53
30686
26108
29812
6051
16649
31989
21562
2820
25138
2762
21031
6061
7034
10929
3955
10625
12137
14034
5103
26547
21645
31672
10625
14524
1597
32465
27965
13656
2955
32275
20959
15721
17844
6061
32182
27965
22318
16176
3285
28285
10888
5103
5471
700
12318
16587
16176
19493
13255
24444
25138
9591
12162
32465
9968
25757
21527
21938
5008
6238
31989
9049
14410
7034
8130
17002
16385
22769
15989
19519
31989
9968
16176
19591
16385
24998
17844
32182
19493
26547
5008
4062
5471
26732
29969
31989
5602
14509
27218
15844
5163
1597
8380
23122
9589
28285
25915
15844
14047
1877
4218
5636
4516
10156
6051
21219
22920
16385
22167
5602
28285
25401
1655
24028
16385
29812
21031
9589
806
12149
17466
17989
27218
4365
21219
3955
4787
15102
3955
22630
12820
29482
27218
22708
30048
28701
8664
23122
5033
24051
15844
29482
21527
19597
13256
15437
12845
14410
29684
15844
15714
5464
22368
10256
30048
9049
19591
21562
2033
806
6051
29242
12149
5163
30048
26861
16587
24998
9900
25260
15714
16587
8394
17124
8394
10256
4516
14670
4218
28285
8161
26732
25260
27435
6821
4100
15503
5033
23644
28285
20700
1199
4062
16654
28285
23732
16385
16215
30448
9049
14670
3550
22957
14403
1597
26047
30748
3008
27670
10746
8028
8028
1597
27465
31069
27465
19591
13256
14034
5103
3955
12160
3142
30361
12478
22167
25253
4580
1199
31917
8028
28285
17169
4970
11996
22167
25427
18235
3008
22874
20700
28423
13136
24779
15714
28851
32644
10393
9784
5163
4100
8587
10832
13652
29215
25260
806
17169
14974
30361
3403
19519
24819
14509
30864
30864
18235
30864
1880
10553
29482
5163
4306
13136
6166
23068
24444
29215
8127
12318
2033
14034
30071
17263
26754
6133
29390
14509
5163
10553
24548
24109
8505
29812
3008
8587
15954
19591
8587
14694
8505
6930
2683
26316
27459
1785
28285
