19755
17626
3404
16955
9008
9008
30662
3420
25293
18667
17000
7641
108
17000
24803
25293
9534
7666
9534
19844
30321
232
9534
7666
14526
24419
14526
16585
14526
14526
14526
232
21781
11396
2460
23738
10113
8479
10113
23738
21781
10113
2460
16585
19844
12190
23738
8479
25985
49
19353
25985
4881
8020
17649
24435
9449
12190
588
6968
8065
25985
32376
24435
27940
25985
32376
15398
32376
6072
14156
32376
49
1374
17026
15398
2460
10035
16417
588
21957
21349
10035
30856
588
16650
21349
2460
21328
10078
15398
866
9380
2460
9771
866
4319
866
866
866
22678
10035
15398
12717
22678
7252
25985
979
11380
10078
10634
29784
21328
30583
28982
28982
16417
2216
9449
14423
23029
866
10035
11380
14423
11380
21328
23029
22678
14423
31181
540
10078
17875
5497
16898
3002
22678
14970
29523
2460
19631
16099
30982
16191
979
26616
16898
540
16898
14970
21206
16898
16099
16898
17164
5299
17164
18037
7576
6938
29116
27048
14970
979
16099
10634
25985
18037
12321
11
4502
26141
29116
19845
12972
12972
10729
14970
22678
26141
14970
26929
27048
3256
14970
7576
31181
26141
16898
22678
16898
19845
15477
152
27048
12321
13112
19259
32425
16191
19845
32539
8766
9486
411
22678
16191
32425
23390
2924
3501
2924
8019
14160
32425
32539
6185
1376
19508
28855
31181
2345
21895
19508
19861
8766
22678
411
3104
3104
27282
14390
27282
26679
3209
15443
31181
15362
24706
16207
31181
15362
32425
21630
21630
16207
20863
27282
16207
15443
24706
15907
17294
30696
21630
19508
21630
28887
5897
28887
19861
17294
25116
32253
7484
16191
19861
25725
15907
9982
5897
5897
5249
2256
32171
25183
5304
5897
16299
3730
2769
2256
4786
2256
21630
16191
17478
4650
15375
17478
4650
21630
2769
8365
29174
7290
26139
5072
26139
27137
5897
10684
32171
32253
3928
15137
8165
2759
26139
26781
12998
16130
2332
574
26781
16130
30099
28416
23527
22306
29174
17390
9982
32171
26031
7644
26742
19749
26742
28191
8165
22032
17390
26781
19749
22032
15137
22306
26781
4313
15137
32171
6904
6904
21861
6904
19749
21344
28191
23674
17507
12698
574
26742
22306
4459
24758
26031
26742
6904
4459
2825
25450
5390
24758
17507
17507
10802
24758
2341
6904
3117
2341
4468
11003
10802
14841
11418
32206
22032
24758
5884
18914
28433
15572
22032
5884
28433
4468
32206
32206
8721
18914
942
17275
18914
16694
14372
30163
14372
6017
16694
14372
7002
25903
6017
18638
30163
31204
18914
18348
30163
28433
7002
7002
27549
21423
31689
5884
7002
27549
10802
31689
32370
27549
2904
13793
13793
2560
10097
17275
17275
21423
32533
10097
13176
32533
2904
26076
21017
11832
17275
2904
21017
25781
21423
19954
11673
2904
12602
13176
13176
18097
11673
21423
6090
8115
21616
18097
5328
5328
23243
6090
2904
23243
6090
5988
1123
971
18097
19954
6090
17275
6090
971
27549
18097
22393
24465
19954
5988
3913
22393
22142
3913
3913
22142
13986
24313
13986
21498
8115
30777
20993
8709
30777
27630
27813
4141
31987
16000
16000
24313
27549
27630
4445
27630
7577
19012
10769
21616
24313
19785
19785
8266
23440
27549
17968
3224
17968
10509
32142
16904
8266
10769
4445
5601
27549
20886
32142
13420
9407
23440
4141
28184
19897
24062
27549
27549
24062
10769
31817
25709
26447
11456
11848
17310
16930
9597
10509
9597
28184
24062
9407
9407
31817
4445
9407
26257
32142
8266
23640
4905
24313
8115
31303
23640
10178
22502
12025
5988
8115
21417
893
5988
24062
12025
27660
1008
24313
18114
12025
27046
27660
4445
3900
32113
9701
10178
19506
23640
32240
28267
9636
9701
21258
4502
12046
17687
19506
2083
24313
27046
9468
2083
22427
9468
27646
9468
19506
16857
1008
13301
12025
19506
8266
766
19506
32113
5988
24353
19506
20138
27046
26836
2421
16819
12046
17380
24353
17687
6189
16857
17687
32113
207
29859
12046
18422
24353
29060
9701
13309
7009
13294
8266
30327
15638
17687
30145
21258
21258
18422
22427
31644
1008
29859
30018
15638
4544
13294
11697
7784
31644
14298
15378
10038
22427
15378
3074
30124
766
3213
17326
19824
12463
20702
3213
3188
7726
17982
13549
17982
13341
14957
28794
7100
31644
10601
22469
766
27046
16301
7726
1301
16301
3217
12463
29859
20978
1697
26461
24203
26136
24203
7046
29859
23815
5586
25963
27046
5586
31991
22148
25829
21310
3217
3188
10678
31991
10678
27046
1008
7784
27046
26461
5394
10955
3971
13116
25963
3217
25963
21638
12463
3217
10955
12463
2443
21638
32250
12463
32140
5394
21638
12463
32250
14267
25963
30835
22148
14677
21846
3436
2096
21846
3436
21310
25829
20367
32314
29286
2096
2096
11787
5586
31991
14267
20367
10613
5189
6140
5189
26461
11151
5586
24203
10613
364
20235
11787
14267
6613
604
6613
24203
5163
25829
7947
10613
17979
7947
14267
8145
9623
5586
25829
11583
21094
8145
27110
32314
21094
6613
1437
23000
9623
27980
16176
1437
11024
7947
17419
27980
25829
12708
27980
25829
17474
17144
18102
25887
27613
22128
17474
18102
5145
21094
9699
27319
9337
12060
5145
25963
27613
24274
17144
6613
15389
3513
1437
5145
29006
26548
17656
26475
26475
29187
29187
8106
8952
26475
17656
1329
22128
15344
6223
564
29187
6613
8952
16947
16947
25531
2187
13810
16947
29187
25531
7312
3644
15344
31282
2187
8170
1504
8170
1504
18079
4454
21717
31282
22128
28484
16422
17647
1188
22
6223
2982
2982
6223
4585
7312
19681
4108
22511
24130
13810
24130
2187
17474
29187
28617
2982
31282
19300
16422
6696
17647
26442
25834
22511
28484
29176
4585
6696
2312
14845
2389
32124
7312
13659
4585
22642
24963
9903
24130
28857
4585
5879
20669
20102
26575
24130
8563
31282
4794
20102
8563
2606
5879
26575
26575
20117
5252
15255
16301
15255
25834
18740
28857
5695
113
2389
28857
20117
22599
3785
28617
8563
22599
22599
20102
3785
12128
5695
7492
5695
2187
8563
23584
3757
31282
16422
20117
23584
3757
22599
27052
19300
5587
2606
5695
5732
28143
5879
11244
20974
13502
113
28948
27471
28812
18839
32655
6857
31282
3647
23584
24966
28812
28143
11244
20117
27863
31282
28812
27695
8312
22837
17354
3757
12291
20117
5587
28617
27471
4762
8145
8817
27695
1496
14320
11244
18574
12128
17243
19658
24821
28948
2812
8563
12291
20669
17354
5925
17498
26803
28617
29499
18839
27695
7221
27052
30820
24880
16301
17354
27052
5695
16301
3757
9366
20557
21261
22443
454
17230
15635
12481
28669
15949
13578
28617
15255
10003
12049
5889
3253
5889
30820
25182
32761
21261
16681
30820
17489
3253
17230
17489
20221
5889
13141
13502
13578
7966
13
24522
21261
7966
10604
20974
9366
10400
10828
12091
15949
20267
13578
16555
31005
9688
30820
10920
20415
5420
24806
9366
25182
15528
9688
20415
19130
1448
24522
31005
25476
10920
4257
19713
10920
24806
17489
26689
25182
29199
10400
28689
1448
5889
29199
9688
10557
24522
17489
31001
4407
4762
31303
24522
13
16012
27018
4257
4032
3893
4762
16012
4373
21261
9142
19713
25188
1103
1448
9082
10920
4762
4257
31005
29547
16076
32764
3893
1448
4477
20657
21261
16076
15192
943
5250
10524
25188
21521
4762
19713
26088
21399
28969
16012
18528
24094
20088
22100
9142
10524
4762
6462
15192
20362
9485
9485
20860
4684
30465
11313
6462
16406
24094
4277
30725
25199
24094
24139
665
6904
13832
4762
4277
671
786
20460
15192
3949
23940
24139
12509
9688
11157
15800
31303
11013
14197
8137
19183
9460
11313
32764
29185
20460
30725
20860
25123
31863
13192
29547
23940
25123
12509
532
9142
32764
23940
14611
4762
16189
28152
16406
30497
14611
30497
15192
28421
15190
5250
23662
22183
26088
25199
31863
834
13192
17958
2772
13653
23662
32764
432
14707
13653
10755
15800
5268
28421
4684
5375
32764
22100
26639
30686
23843
20860
9460
20410
23843
14707
11313
20088
30725
432
31863
4400
128
128
22100
17958
4400
19501
20860
12653
3868
23854
22410
20605
9350
25178
8921
128
24256
28152
7322
8921
22706
8921
20088
4921
23436
17325
8726
9350
8137
834
5609
18528
14727
14568
16365
23436
5609
29412
27346
5268
5525
8860
13653
19391
22706
2945
24256
4684
11177
26088
9506
9460
1002
10755
31863
11374
1076
11313
31083
4814
9261
3868
16365
5268
15224
22235
19713
13263
5268
6139
6139
16157
9460
1002
22235
5268
11223
32234
12118
14611
26413
5268
16157
671
11223
26060
10284
31863
14611
19407
19183
3224
3178
2537
20860
14828
20469
17958
30686
24910
8675
15279
31303
6156
4921
12118
14828
13333
5268
8538
18300
13333
19391
32038
26413
26973
12616
14828
10284
6139
26413
10602
6484
30497
6484
30494
5268
25629
2945
26413
29495
32527
7219
21120
3178
31083
8413
8538
12419
5158
15279
1228
7219
15279
432
24901
24901
18528
27346
4126
27278
7595
25019
17904
3178
1142
13249
31083
24826
27867
32527
24256
10284
27867
28714
15279
12616
20469
17905
27244
10897
24910
19713
13953
5525
1228
25019
2644
16406
25580
3894
28242
28678
28678
4125
2537
28242
1750
1194
8726
10284
7595
20605
16740
20613
8414
3783
21120
32764
7995
14828
12616
19391
27346
25019
28242
1194
27346
4469
9133
10535
99
15224
19657
7200
17904
27638
16683
2644
32161
23913
12332
10535
863
2945
32533
10897
99
14786
2457
1714
8414
2274
19694
23427
30623
8726
24818
23427
16740
7621
4125
28678
2274
4126
9691
1142
8726
5077
6314
4460
10602
2644
19282
9133
13953
25019
2644
24798
12669
19391
18721
27586
12669
1323
26129
28678
24818
27346
32153
19282
1292
24818
24818
22797
27188
9133
27188
12669
28678
24910
7995
7621
19391
7766
10602
15279
30427
11759
30497
20089
25377
12395
23660
27863
25019
6857
13796
22961
17988
30427
3603
28554
6314
7200
26002
31796
16108
11759
27847
15362
7621
18978
8428
16051
10535
14039
29722
19542
29869
23920
23785
2644
19694
4460
1746
17764
30464
30464
26002
31796
17491
25416
30675
3603
30675
14828
5370
9290
27287
32527
7766
13953
11238
31595
4126
19542
7200
16406
27188
27757
10904
19391
26433
2585
21601
1714
16406
24107
11958
18978
7066
23920
4126
24667
29910
5565
12027
22797
23799
8726
17053
7621
14786
22146
18667
23817
13796
11759
17289
25019
23920
6838
23920
28743
24667
5370
7066
11238
23920
17491
27427
12027
1870
10602
16406
13796
14009
7546
25942
17988
25609
16767
22613
5602
21008
14111
12669
25942
22613
29251
9266
2585
29623
32153
5602
3603
6838
21803
6838
27863
27863
548
7766
14928
16406
21427
5127
881
22613
21451
23785
27287
17040
23480
23462
29885
13654
19694
5399
12583
7200
6838
27287
8411
2585
7621
31772
21352
27145
22351
17989
14111
4804
32153
23480
929
11910
12518
9290
21548
18449
17989
29811
11553
6838
17067
8414
14517
2644
8411
22143
11553
21427
4804
16558
20002
19384
1714
23753
27586
32644
22346
12583
3628
22346
881
13691
31424
29345
6857
23462
10320
10005
15850
6896
29345
11539
32644
28743
10904
24287
29910
29885
30464
32344
5888
14475
14828
11958
32644
18721
10265
21988
16558
10265
27586
548
8179
16984
10265
25651
20002
13792
17565
30766
27717
14475
30637
2585
29255
2644
5370
17247
11539
31930
2586
6896
30637
12721
21008
5888
21516
30361
10479
32080
5953
17919
31778
30940
24209
23799
21782
11910
23799
188
1871
16145
21548
22899
27842
9417
29499
17553
17044
31330
9051
31817
31424
12485
30361
19384
28504
31817
29885
20924
23772
17553
14039
17553
2980
16390
5888
29499
27842
817
1871
26973
10438
14111
11539
26989
19739
20637
29255
21516
7977
1871
13830
22899
5953
22007
26862
17553
28451
5565
14828
17785
28743
30940
19600
9290
12203
27842
10479
31397
1736
28037
22899
20080
471
14828
29583
29739
20348
31930
20637
5515
28019
26989
28837
6974
11910
18932
18125
7766
19384
12711
28105
28019
15979
2611
24552
5370
17880
31397
17880
12711
7566
9084
27717
27333
2889
8008
20405
4720
19076
19600
2338
17823
19384
32046
12203
13691
9166
28902
16180
24322
20165
4720
8068
29994
22007
4804
8355
22007
28504
10580
11910
6838
29994
16984
9230
17823
17565
5565
25651
8026
11539
6539
17880
4955
13691
14828
12583
9166
14758
30464
16837
901
31853
24123
16837
30425
19062
3204
10580
26656
28959
9230
26581
19600
22407
6299
13838
6299
7019
27147
14357
9049
20964
27942
32154
9129
22818
24322
4955
19600
26973
29885
20473
21994
18554
26034
14758
15608
32046
15608
22007
325
20924
901
3485
3447
14828
28743
14841
1751
17565
19384
2925
28743
20165
14758
29677
168
4804
30425
1751
8355
1568
18286
23365
4720
9023
2070
4944
2070
22613
27147
17086
1746
16367
24322
31930
4312
901
9049
13141
4660
18955
32154
2070
20080
30464
13258
12583
13423
21475
30774
3204
1746
22818
647
26034
3204
31828
20080
22818
30464
1871
3204
17750
22216
13118
20924
21952
24322
7566
32576
10850
17086
32154
21475
19384
16431
9378
2925
17875
19062
27147
20473
5475
32576
18554
20924
9378
12935
16594
13838
30774
27500
11539
4312
3984
25100
7566
16431
30600
24888
9023
18286
3984
15608
944
16910
14758
9166
16594
13766
29994
18943
603
7621
9051
24999
9166
15796
2577
20473
16526
1713
20924
2009
11584
11129
27717
20473
1064
12839
68
22818
28925
31853
29994
32607
32607
647
32596
30203
31767
14841
32596
4312
26467
3537
14799
3537
15612
17750
24888
18554
25416
3821
15796
18682
9023
9503
30796
30837
9215
18286
19853
4996
22982
15612
30464
24888
17408
4704
855
8372
11539
20165
4956
27241
1959
10256
30774
2526
10543
26467
30737
13258
12839
29535
20967
11384
30569
21141
21475
7621
4312
32530
16538
4804
18521
7621
17281
756
28925
31853
19993
25416
21503
30464
16226
26148
21891
22880
25100
19076
17281
855
13806
19381
19829
17281
7300
2070
21278
15946
24621
4804
31500
4704
13894
6947
8355
4704
14280
1746
4660
9166
18147
25147
29535
4704
18943
30364
29535
26262
1377
1746
24374
18483
32066
11584
22675
29249
26262
8859
15608
19600
18955
20348
22982
11539
20276
9104
4749
30472
31500
26434
4295
4312
8365
18286
32607
29249
4312
13766
31820
24621
17408
17880
19600
18445
4102
30774
283
28905
4312
2549
18520
4749
9176
518
26148
21373
19370
18955
11693
2577
20830
14758
13244
3204
15647
944
2577
18955
22675
30879
30773
2925
1566
9176
1505
17079
22720
254
1505
11539
15946
12935
31820
25416
22720
21503
11910
11910
22851
31630
30203
26973
19932
8859
29286
24189
283
20418
12412
20276
4102
18955
11855
62
30203
17408
29378
19145
3537
6838
30203
20953
30569
20830
21130
14013
24201
8427
5317
11997
7610
17571
4295
254
168
22982
25919
29286
6852
944
1472
1472
2526
15622
14691
22851
2549
11042
10267
3537
29677
18520
15461
21130
31675
12935
1566
30203
7685
14758
11658
2867
4253
20629
18286
9176
2549
27776
18147
30737
1472
13883
11968
25416
27776
24943
944
19381
518
7819
19110
3204
9211
3822
14636
31614
7819
25976
32607
62
17023
17880
8235
17880
18108
22675
24621
1472
12782
18108
22982
17160
31675
11658
24621
2867
17546
6838
6852
371
8859
14581
283
2575
24589
1140
628
774
19600
26973
12782
11539
26434
20835
23864
19110
10195
18261
19381
8235
20835
23864
32410
18017
20953
28147
17562
8570
30158
19297
12766
27080
944
25196
12766
25976
26434
22145
12782
29047
17814
24621
18017
4312
1735
22692
19381
25976
22618
9211
10919
518
8570
4312
2526
13400
26973
23864
848
8833
31675
24072
7729
7729
5058
24072
24943
518
24902
2575
13883
4179
23864
15625
9625
20953
19173
20953
18017
1140
1064
24943
30622
31500
2526
628
7659
20348
24480
1064
19600
8107
24480
4338
31722
20953
18154
10919
14581
18915
3994
9971
30123
31786
10212
18778
18778
283
162
17814
7819
18778
25196
25942
1255
7325
25123
31436
29286
23513
14581
7659
20835
22880
10212
848
10661
23433
10919
7453
7819
9689
22687
30622
25196
19925
19173
16163
31293
7823
14892
19140
10492
19728
15461
25196
15248
7325
4766
9498
32298
4804
18154
12477
3566
19600
25942
10492
7325
19925
29334
23864
6592
30622
6930
19600
11298
27080
22687
29096
8691
27519
27519
22826
22013
22339
3687
16105
7457
3268
11658
9857
10661
23513
29096
28902
10492
11658
3697
23811
14847
2625
28902
2651
24480
10585
27080
1624
30622
21760
12782
3994
3268
815
25073
25942
12477
14891
7550
2625
8655
2625
12046
28805
6852
6869
7475
9857
3946
19650
30622
23513
13567
9598
4204
3994
837
29475
29334
13567
20458
11912
24781
11912
14961
20835
13359
32740
20458
6622
815
12477
17130
25274
19600
6148
30662
9625
9625
20727
24576
12836
28973
19702
32740
15306
3268
17160
27219
2392
10195
10394
7063
4204
23811
27326
27749
518
19746
25930
11264
6622
518
27749
580
6148
25930
11474
7357
1624
15260
15829
6622
2392
14130
3258
29148
30652
17103
2313
30239
30239
26255
28805
5701
25073
24576
6686
28805
28902
24869
11584
7823
10491
13340
8107
3742
1317
30622
27326
27080
29334
13744
26191
25045
32740
6027
3864
2313
15544
6228
27080
8691
21402
9625
17814
22687
1317
29491
29334
8973
7130
1929
8107
5458
5458
4413
3742
8973
17512
28902
24891
7130
27841
14891
7646
4740
16566
24869
17220
21364
12836
17077
32740
24869
31793
24122
7130
1629
4070
8720
23258
27071
3619
27080
895
727
8740
21164
25557
29645
25045
13744
17293
5458
6296
6296
6027
3342
25061
6276
14112
28902
19390
13744
22840
9601
2293
3342
15424
27071
6869
6296
15516
9645
8691
4846
12749
6228
19710
15306
2293
9645
26602
25292
15249
27071
837
29042
17220
22687
21402
28973
2571
13981
25073
30074
20548
19825
29007
12749
23906
31136
3342
4545
1257
11264
31045
30622
27080
30294
29420
8104
14112
13647
20727
6342
2026
28392
25557
12768
19691
13905
4536
16436
31289
1624
15424
3048
25557
7130
3742
6342
9645
16001
6384
7475
3742
15424
6869
691
6276
28973
7531
26628
4021
11264
6296
29738
29491
9601
2302
11176
4275
22439
20190
6742
12749
7531
9696
25859
25859
17654
25859
7607
8973
2473
22439
6869
8033
5576
7805
30294
27080
4536
6869
30652
1257
6276
4769
10798
12885
24869
14590
11584
25136
7130
4275
2473
8740
20190
17220
17621
11584
19963
7475
4109
32361
8026
16586
10798
1902
15424
6296
25073
4021
28090
17121
2473
8026
19339
4769
2946
17293
4536
31051
21782
8958
20428
18693
32297
31051
8026
22224
23303
15431
32736
22554
4769
12475
1888
16353
20428
1257
23303
31262
2302
6276
19825
755
31051
6686
17211
20428
19544
13981
4925
13647
25073
22335
16087
32275
4846
29560
7805
15278
17293
8033
31273
25693
29623
8033
13905
32361
19748
4109
14662
22554
10627
7531
22840
24216
17679
23303
31051
4849
6342
29738
17679
9645
14699
15278
24216
19825
17253
17211
28725
25073
19691
1668
4016
25136
16166
9696
524
27666
3391
29738
19544
6228
24781
24781
4988
8755
20511
19691
14699
14699
14662
25073
13488
6276
545
4988
19825
22840
7607
3742
27080
30721
15842
17544
26602
8342
7805
13905
12260
4849
3742
19963
14156
28090
2302
13519
8740
4988
2765
2765
18343
16838
10142
12260
29560
14595
19544
8342
22261
12260
17121
18504
20428
21774
5576
15842
12477
19663
3896
32582
14595
12637
27662
24868
5520
32582
17253
1668
7941
20428
22554
7805
19544
31051
3896
15306
27850
741
17621
5520
12945
20483
17253
16709
12477
741
18412
16709
10172
24999
1977
17441
3896
11850
22554
2293
9816
10340
2765
16593
21029
6567
29664
21029
17679
10018
8033
10340
10172
25073
19748
7607
21239
10532
6228
25136
18693
7107
19432
5279
21029
17441
2205
3832
7107
28082
31273
3832
6567
12434
24222
2293
17577
27724
8554
29664
23360
10018
22256
3832
31262
4536
24868
9775
29664
27662
27139
2765
5279
5638
6638
18968
25073
24999
11739
27724
27662
22256
25339
32736
21600
10417
2765
4021
17671
18499
10389
27878
25073
21600
10417
9842
16635
7914
22335
29664
17453
9842
15608
26370
26602
29565
26012
29664
17174
2653
26012
741
17174
10018
6033
10922
16593
30847
18852
3258
29260
15258
11850
16116
17000
16116
19969
10417
31273
12477
25701
29471
26012
14536
21509
13300
9602
7536
3832
29185
16720
17577
26370
18343
24526
26012
3896
9602
21748
2698
4011
18141
10627
27850
3258
10417
3258
6033
7914
571
19525
12002
29185
18504
13720
571
1061
3560
21748
19184
27673
30847
17453
25937
29824
9645
15258
13399
29824
13905
17621
16593
21460
13604
18499
9645
5161
16604
21600
18343
23521
29260
9602
16593
3896
21509
4849
24662
9602
28479
3869
571
18693
27662
10018
23521
15013
20328
18852
17621
13564
26359
2882
13564
20328
5653
31561
15213
16593
4769
15013
13564
3877
3896
18741
7914
3994
8794
13833
21509
21239
25094
2243
21509
3994
8794
28479
3560
7607
2243
18741
29168
21239
16604
3877
16816
21239
23521
29129
4021
22597
27904
28888
28385
23455
28479
25937
15269
199
1399
3877
15714
10417
2585
23086
13564
2243
11324
1606
25073
1399
1164
15944
28935
25073
5092
17453
1988
19376
29185
31624
3701
3869
7536
25523
24670
13905
2243
7851
14422
10018
26012
10310
25975
15013
1399
31935
31288
27662
13720
26012
31288
25094
15184
20264
6425
20817
1164
6331
14422
13400
17597
10681
15269
13400
26421
1988
13720
16593
11324
4139
5590
16342
22518
1164
17866
17253
7994
13905
23808
22766
15944
19502
15013
16498
2695
7243
16498
7851
7536
19993
1879
19098
8576
11739
28143
328
6331
5590
1138
16342
11898
31624
32071
18852
18852
29038
22692
1459
31660
13720
1243
11279
11324
16685
5749
31125
2801
15225
26012
199
4139
26947
21511
20817
16498
5749
7536
30110
18062
12477
28143
1668
14501
5475
886
5971
8887
15714
2123
1879
9844
22903
19098
7445
6000
6331
27904
7445
1577
2243
19401
18062
22797
8887
21511
10227
1606
1164
27878
29185
9854
28758
15061
12554
7607
26015
26012
7567
24148
21511
7914
30140
2243
15225
19502
32736
28700
29168
9844
17866
28149
28897
15335
20730
13234
14959
32052
20730
10417
3500
17597
32505
19502
8825
806
26947
27904
1541
29189
5830
20332
17253
5475
10227
24975
21511
28143
31961
6843
27767
27767
31189
12436
1577
31961
5971
30097
6758
7334
29780
5475
28143
32736
15269
28385
2771
15225
1541
8825
25866
14959
13223
30097
1541
7914
12263
7393
24253
15848
9844
4769
28149
6034
30051
15335
32505
4088
31953
18343
2099
544
2801
30195
21959
24253
1988
9854
5858
2123
17866
6117
28871
25866
32071
11179
28706
10339
22138
15902
14116
6117
28385
32071
32541
21026
7393
26219
1726
29822
19994
21684
15013
26012
23929
27878
28080
1668
21216
20276
11381
32505
5858
15335
19985
10417
32505
15934
5475
10227
12263
15039
27850
18693
29038
32071
20276
7445
10417
24253
30163
11894
17253
6438
16604
10850
7643
19184
28149
22797
2099
14959
28516
5858
19969
28385
29189
18769
30531
9803
27850
27767
9854
20276
21959
2360
32071
29185
25679
1668
29822
18635
20596
10769
15661
11381
10632
1879
25866
18504
24148
1243
29168
21684
8825
7445
15944
14478
31010
24253
11560
1668
19822
10339
27878
6990
2421
2360
4799
21239
9842
24670
15061
9074
29038
15032
11179
12436
4361
27917
31220
18255
18635
14478
2027
21684
8825
1668
29038
22797
19822
1138
12554
10339
26661
14785
25752
2421
17705
25985
19193
26012
18298
21143
11894
19166
11560
23929
32541
27497
12436
14228
6733
13444
4180
5971
31987
5971
5265
6843
16316
4799
3196
5265
5621
20721
21732
1668
15661
654
18302
29185
18635
4877
24519
6843
1879
172
14343
30163
254
25138
16808
14478
21732
6128
249
2027
11023
5265
9941
568
14692
27917
30163
1243
26012
31973
29168
32071
28935
14343
5971
25220
2728
1643
19323
29185
15944
11023
8014
8825
2157
9055
4799
8431
17688
10382
5877
7396
7445
5189
24519
2223
6159
11560
11894
25339
25138
6159
14853
19269
6843
25958
14343
1879
18119
1893
5787
2364
16794
568
26219
6320
21710
4877
22927
7396
28786
15032
15269
21143
18119
19323
31973
15032
27767
16530
5971
6557
3483
21684
9643
24647
11023
12543
29001
14535
1945
8606
2099
2728
1243
20275
6563
19323
14853
30260
5443
21143
3483
12405
10382
19323
21016
5971
19822
6582
29185
6557
24801
18119
13223
70
4610
6320
21901
10382
13658
13223
18302
29001
544
27652
17705
14343
13732
28935
7445
20704
3483
27298
4877
2099
14177
3483
8606
21143
21749
6978
9983
6733
2036
14177
30389
21901
28882
15748
27063
29042
14029
32465
13658
16548
2460
22927
24255
4361
26219
5672
21684
1554
25953
27652
17558
29042
29001
5633
17705
8000
2036
10217
22107
21901
10417
24000
25245
25245
6128
20711
16545
16278
27917
5787
21901
16278
10920
30722
13658
15556
5265
5633
13091
24162
9228
12890
22107
6128
6978
11023
15098
20535
9369
24495
16506
10314
10314
31010
19979
19822
16974
2407
21393
21749
2138
28882
5154
8000
21606
23212
8055
28116
2138
27917
10417
8000
20535
172
17705
32325
16278
8000
11774
18756
27672
24255
28405
14416
17705
20252
20671
10382
20535
6563
16485
16278
7330
13444
32325
20671
16264
5686
25338
11936
21393
18786
16328
12890
26743
12760
10843
16545
5633
2407
30985
28405
24567
5633
15534
19979
31224
32718
16485
29471
27917
9266
31498
24041
24495
3080
492
11411
25177
20535
16342
2360
6557
25338
2594
24567
14133
25220
16264
18756
15944
14133
10843
4230
5633
30985
17910
7313
14621
1893
24567
17288
6419
2174
24147
24427
16548
9228
11936
30985
32718
3449
19969
7948
25338
11023
9827
12495
10843
20613
14228
5900
28405
11934
32181
2823
15944
24427
25435
21775
28730
23877
14416
28328
12760
24427
14416
19323
14416
9228
567
30722
7330
5189
14621
15534
14621
28335
18786
21143
10629
20360
27672
20589
11526
26907
27917
10052
5189
4897
2138
21393
31574
2364
18092
2407
17228
30002
2920
21393
3541
3449
2980
16278
19969
3982
6429
26810
29752
6667
29669
14228
30985
28730
27917
8561
2085
12757
15098
9301
31617
15098
6246
9303
12230
8055
25905
7145
6667
17161
20903
11526
28484
3541
9228
14621
18092
2743
15101
28335
7063
24049
25905
24904
3599
6557
18170
21035
29818
3599
13497
29752
30985
30722
17161
6667
17667
16697
9303
10417
22726
31850
1243
6667
17667
28547
32074
24049
17288
11778
30722
7145
6467
13394
17288
18712
13497
26743
26743
3449
23013
11920
29818
21749
27859
23013
30098
21143
12760
7063
15544
16136
4094
2823
19822
2360
2407
2125
16278
4158
20156
5686
21866
7132
15544
6667
31310
11778
27530
1819
11861
24049
6861
24100
567
19212
19238
28335
13532
24904
25755
11778
20802
14133
28405
2880
7948
17161
18996
31204
17228
27807
18712
16545
23106
6861
23040
18241
18092
19772
22160
30098
5756
784
10653
24117
27504
4566
1908
31831
21143
199
21866
2823
21114
6624
22235
16231
9303
15902
31224
23629
27504
4440
27807
24117
15944
16196
492
19238
31224
4
14876
31831
7693
28032
15297
3080
5900
32181
14799
2847
30098
23022
18158
31115
22160
16713
17971
16219
25729
7956
24904
31994
22160
10249
24255
14133
7948
28032
18550
20387
16136
14133
20963
8722
5175
22235
31204
4566
30176
18550
31224
2830
30125
26203
7040
10249
31994
2407
11110
30366
899
19264
28484
26743
2830
199
7132
26067
2568
9498
21035
8612
21220
8105
10248
11706
2563
18970
15580
24100
12230
30366
5244
2847
18970
16786
24049
19175
5925
14911
18092
26666
31483
3086
2568
32181
27807
15106
21709
2488
4820
16079
15534
13214
11333
7132
7956
8077
15580
917
26258
13214
29390
2769
16786
8769
23693
7040
6667
5144
25674
13532
29842
27474
10712
23629
11936
25674
8722
228
23013
7132
21220
25755
30366
22346
23693
2847
28138
31115
7693
22160
20156
24115
3680
9974
4094
16219
29295
4138
30098
21866
18241
29295
15580
12269
14894
1980
18195
15780
4820
9927
21220
20181
8950
492
5646
5244
14911
31644
30366
13833
10249
20156
9974
5244
16219
23013
9784
27219
1980
13833
29390
27474
27729
22377
29971
13532
31483
22726
5925
29735
15807
10457
14911
21950
4566
11706
2488
1220
15990
8105
7609
23693
8523
29545
1676
12269
29843
29821
15580
31002
31644
2036
27362
3086
8138
18241
3680
19712
28938
8138
1413
23097
19175
21762
27674
28708
29390
19712
21128
21866
8523
28335
2847
28906
15899
3722
31644
30407
19712
21383
24182
23979
25747
11788
6649
11788
5624
10653
32247
14799
29739
30563
20459
9784
20198
28087
19198
25627
30366
14684
18041
4606
19712
11701
32247
25177
3680
15144
4566
492
28430
9337
618
4606
31644
19137
15780
407
27219
25627
9659
618
27352
30614
15144
18550
31647
25177
17252
14586
24182
31483
23203
762
20156
1460
5756
28973
14799
20198
32181
11788
29429
27219
30140
3961
25627
24074
8560
426
20156
16778
23900
27524
27729
14234
25554
8560
618
20181
6662
16199
27219
24100
27352
30140
4187
28502
19712
23168
4187
11788
28169
29390
23693
13833
27740
12831
1980
28138
29429
18868
9687
22190
22160
5815
17247
6667
3961
27
4678
7609
26795
25747
28217
23979
24074
24137
15699
24155
5756
5815
15807
26650
15580
13626
7655
6557
2759
5165
23900
841
14219
11788
13437
17247
9801
8895
7634
21901
14684
24475
23979
21301
15691
665
9221
9801
6667
5624
27524
9927
25044
31252
23693
32181
19502
17252
4867
25165
7477
14894
29049
27340
13626
28217
9672
23612
5756
11788
15896
21594
14850
27674
29847
30350
1460
8156
19750
5815
8742
20181
30010
762
3961
20929
25122
15691
31075
21901
27219
22493
1546
23270
15459
16830
9282
28834
4845
22726
6358
530
17194
22233
14260
28138
28194
575
557
12230
25515
5800
16156
14911
618
8895
16713
15459
23267
27474
25515
8895
16713
29495
3678
24171
15320
19439
25177
19982
575
2953
21482
20998
18697
9801
27
18044
15577
618
9927
1580
15068
25747
25747
25044
29054
19982
199
482
5764
19506
3663
2852
19372
3305
17204
16063
17252
557
17036
30119
14390
575
32224
618
25177
25812
28430
17204
20459
21297
4845
32073
26650
9208
11788
27227
28217
665
28906
3678
14390
7974
17288
20181
11788
14894
18697
6667
16063
10653
14911
15909
7655
32224
25481
32224
11111
23022
9634
16063
20181
25372
14894
29148
8737
9801
9337
7685
23022
9634
5405
30876
12906
14218
8798
23429
3961
28308
6913
14659
21297
12542
17252
21882
9452
28397
23750
13515
7477
31470
29460
16219
28217
3305
17252
14219
949
8560
8945
31231
7235
27541
14894
30140
9221
24155
29091
9801
32224
16156
7235
6407
14390
8957
15459
5123
19198
6360
32206
25122
6955
24475
482
3678
31469
13764
19198
4867
31469
11701
2931
28397
2759
32181
17036
21809
6667
9208
15896
21809
20942
27
16623
29451
13764
23750
16886
20181
31051
27340
9208
15896
8957
30970
10442
15896
16713
745
2931
31984
319
5800
31469
199
25402
7477
23280
17194
22687
7094
23168
745
2584
28381
4478
12662
24409
19502
8957
319
30125
14390
13912
8737
1350
1669
909
4900
27674
26914
12542
7083
28834
6667
23130
20198
14911
15144
8131
28812
15948
14894
7681
14824
31995
20364
5800
20922
20998
23237
26914
27
25
17831
6407
27056
19410
618
6265
199
32566
30147
4485
23237
2303
11111
26795
16943
31051
11504
3690
8131
19198
28776
3387
3297
31470
32181
7770
31470
23429
28834
27219
28834
6265
16199
14390
13764
6469
28430
6360
16713
9659
8945
14923
28430
566
9452
566
6667
15441
12230
28308
27227
9832
23429
9452
1460
23130
13437
29152
9106
18152
14534
9221
28685
2196
20455
28685
28812
25812
16156
32224
1674
1674
1674
1674
1674
1674
1674
1674
1674
1674
