943
617 237
422 25
467 800
585 388
184 162
788 658
914 593
468 156
611 908
773 75
584 907
124 499
150 318
683 678
717 459
683 580
612 44
891 161
590 760
786 953
140 47
934 831
926 278
712 939
271 608
297 245
818 882
229 908
502 630
510 329
934 3
925 254
355 632
736 413
243 878
658 472
546 461
859 554
821 916
290 339
644 96
681 768
776 938
932 990
46 142
207 757
256 939
80 902
633 641
36 735
568 135
661 562
942 578
653 562
795 720
967 452
430 670
224 960
909 920
705 126
438 286
77 659
987 943
128 587
258 38
699 808
129 35
280 768
699 489
229 113
468 626
536 706
354 159
841 663
296 195
647 21
758 620
243 457
864 815
271 98
68 508
58 32
715 7
624 359
10 218
924 794
488 93
413 51
364 115
481 441
437 654
878 907
913 230
857 498
845 476
141 744
722 68
869 537
344 407
231 729
692 110
703 313
327 509
439 560
435 413
510 186
262 316
750 141
34 720
298 54
114 575
390 967
509 56
916 175
853 115
859 597
988 433
354 904
478 186
880 435
366 257
326 913
322 921
233 403
74 26
363 921
678 287
298 327
941 137
405 127
709 335
896 807
967 385
691 129
264 558
230 2
982 572
747 164
596 539
126 901
15 205
81 423
374 709
768 512
155 499
769 493
601 798
550 327
523 886
152 670
632 587
5 908
135 411
218 3
86 162
850 767
64 439
899 407
857 666
131 936
912 857
65 303
845 758
657 451
573 980
799 339
354 559
544 532
294 150
808 222
618 905
56 855
249 437
99 643
814 906
540 335
600 852
174 509
580 397
79 999
659 241
723 268
823 286
817 972
962 890
214 936
846 13
613 549
629 33
976 631
554 104
973 372
829 446
205 193
172 816
298 915
950 760
637 518
464 902
813 855
463 60
553 788
249 852
622 554
682 783
460 191
408 855
238 437
238 929
89 154
610 448
826 468
242 762
78 474
522 870
151 928
945 210
171 142
326 715
405 901
514 571
899 270
736 686
559 840
89 716
583 722
310 846
201 849
149 190
610 844
867 176
71 870
185 617
238 688
408 820
109 549
257 605
272 939
522 45
593 818
267 345
870 950
510 93
778 381
716 314
23 65
796 131
838 479
779 684
947 244
445 108
109 976
67 618
378 399
176 105
19 338
484 80
358 219
678 790
147 506
411 730
329 893
32 571
348 280
355 536
121 749
416 846
399 391
721 668
643 769
129 965
141 883
280 911
878 29
702 69
516 393
328 359
366 417
119 656
514 124
759 625
402 270
722 430
5 324
228 139
519 98
642 248
87 469
613 153
288 209
499 984
122 337
984 448
399 643
828 874
878 785
669 529
61 197
393 373
974 831
819 137
82 755
198 503
812 232
872 444
70 512
207 316
223 954
922 364
716 907
558 236
409 365
781 748
392 847
280 718
180 296
347 695
32 440
506 805
95 434
70 149
729 218
391 569
107 992
112 5
430 867
328 277
496 88
222 311
514 859
61 436
718 24
895 573
294 574
300 150
141 865
41 557
2 129
243 972
881 118
544 990
80 711
585 657
956 504
140 768
774 2
836 815
315 845
968 853
221 104
937 64
576 237
648 682
241 774
776 483
484 525
240 466
629 346
401 566
433 889
110 197
140 363
936 675
913 718
97 343
988 502
404 194
59 386
580 264
632 605
32 778
275 134
840 903
265 806
271 512
390 244
530 797
607 759
313 958
891 523
836 376
597 965
308 315
864 276
146 367
981 402
873 265
838 785
214 897
203 53
316 732
920 291
826 298
396 532
743 131
643 466
768 810
873 416
482 724
100 195
685 779
519 668
793 472
185 252
454 367
80 170
84 587
942 884
448 551
350 947
231 986
194 879
497 29
468 301
387 846
492 355
757 816
106 630
704 854
551 627
479 360
160 766
745 763
594 396
669 533
339 795
601 42
990 819
654 538
456 992
704 830
196 493
951 516
422 243
747 193
196 528
832 246
332 177
896 672
245 128
389 943
458 393
908 139
505 468
894 573
340 387
144 148
990 874
678 46
574 984
88 391
405 99
82 320
109 62
958 849
85 504
931 212
28 779
829 845
436 330
700 92
844 508
240 600
680 883
575 690
296 857
115 879
490 11
21 802
629 405
578 356
531 275
847 88
191 121
667 255
307 438
975 376
522 301
151 508
893 835
103 68
144 791
845 13
583 55
466 839
856 316
826 579
225 916
909 649
519 309
149 982
864 549
452 633
146 839
260 323
685 167
349 315
701 438
916 272
648 153
262 103
979 630
798 428
834 829
718 498
805 759
627 373
84 343
885 399
720 120
577 217
335 241
227 97
973 777
196 860
869 346
876 585
811 706
418 142
50 737
698 561
271 813
79 292
160 28
255 729
469 63
934 688
545 544
72 203
393 710
572 308
257 5
204 209
191 230
30 478
987 291
899 290
960 534
508 732
116 134
968 408
245 517
392 562
46 292
246 947
20 469
960 270
645 222
360 419
580 609
804 525
789 465
993 460
942 117
142 412
202 318
255 743
322 655
235 186
391 619
736 969
132 403
102 127
296 818
90 786
70 779
540 693
23 361
483 975
712 873
232 173
888 562
970 567
402 173
169 233
559 990
955 634
439 392
161 383
494 137
162 206
573 599
856 720
279 203
491 62
990 846
856 581
475 772
995 437
411 293
729 703
357 191
340 230
673 440
727 70
549 446
767 499
426 56
800 65
373 142
766 70
721 201
318 932
684 180
436 239
501 562
75 120
11 736
151 970
992 874
415 139
997 540
726 610
594 456
644 515
948 53
85 877
273 429
943 841
462 142
24 777
246 252
989 331
774 263
676 196
776 350
866 872
599 539
280 210
866 435
682 980
272 335
445 887
242 145
87 850
184 338
912 787
448 960
682 910
129 333
427 570
35 642
145 874
541 685
99 495
55 154
237 99
634 315
671 624
248 891
923 827
47 976
283 527
932 810
386 157
977 635
940 83
199 58
540 676
430 948
474 785
399 496
654 630
151 442
812 740
535 732
857 966
472 388
942 978
152 447
160 694
449 981
379 648
926 23
969 531
903 223
525 725
361 471
506 260
566 292
744 14
572 459
316 582
909 29
321 850
779 43
88 670
898 509
529 905
499 491
771 819
623 926
395 486
631 13
987 202
244 964
765 945
56 588
951 320
32 282
473 176
519 97
479 960
104 883
2 817
224 740
111 646
272 604
251 364
322 182
721 989
778 285
600 562
904 160
841 344
535 252
481 710
695 628
267 162
70 89
36 475
633 976
977 42
162 524
287 379
771 562
953 85
184 205
399 15
265 741
689 149
344 770
650 741
659 386
11 998
825 40
293 692
684 125
187 959
427 881
720 677
344 265
554 474
303 396
335 980
903 221
21 550
605 795
111 873
187 640
892 518
226 773
658 608
559 640
380 481
828 194
596 128
227 323
620 269
802 62
608 263
417 215
191 292
893 805
417 641
279 391
323 495
947 652
645 488
466 700
420 11
950 905
580 126
235 296
273 504
374 726
443 786
25 666
175 441
804 11
552 302
162 158
335 430
97 165
790 718
437 208
199 677
206 985
767 594
6 469
659 142
933 440
888 4
972 839
177 789
761 740
121 40
287 390
588 143
3 723
255 17
328 194
430 736
828 928
674 777
203 452
550 868
23 778
20 691
928 924
222 455
614 251
353 160
928 857
365 185
617 265
227 820
422 408
454 968
78 952
645 46
715 978
741 694
609 240
535 951
987 438
765 680
632 924
705 499
789 457
375 829
522 653
917 693
427 931
637 478
440 402
849 95
56 308
54 956
283 850
560 211
271 821
285 432
117 267
458 13
594 14
553 673
120 675
964 526
74 766
368 696
426 346
78 144
564 27
735 515
462 763
443 21
322 840
280 4
788 909
317 585
696 871
56 642
840 45
229 933
521 640
461 974
571 577
550 540
202 643
57 556
987 848
360 59
909 584
681 211
595 610
812 223
468 305
868 985
538 797
796 652
350 409
357 397
834 615
108 354
958 591
314 392
525 909
909 725
31 71
840 797
711 648
101 61
714 709
799 873
290 498
182 348
168 448
522 964
202 106
21 180
249 432
27 458
769 272
515 948
104 439
135 431
933 632
962 156
457 7
283 407
602 833
521 11
806 62
445 610
285 415
781 339
909 848
344 915
233 384
427 579
573 156
965 302
685 491
202 890
151 644
377 209
803 816
975 354
724 280
42 987
517 239
308 477
604 652
636 849
460 222
320 394
709 612
961 130
414 284
51 573
69 596
166 30
